set hive.exec.dynamic.partition.mode=nonstrict;
set hive.exec.dynamic.partition=true;

INSERT OVERWRITE TABLE VZW_SOI_PRD_TBLS.vzsoi_intl_dly_scoring_batch_ip_RTM_tbl partition (process_dt)
Values(7195880558,0,1,1,0,1,0,0,0,0,0,0,0,0,0,0,0,0,0,0,0,0,1,0,1,0,0,0,0,0,0,0,0,0,0,0,0,0,0,0,0,0,0,0,0,0,0,0,0,0,0,0,0,0,0,0,0,0,0,0,0,0,0,0,0,0,0,0,0,0,0,0,0,0,0,0,0,0,0,0,0,0,0,0,0,0,0,0,0,0,0,0,0,0,0,0,0,0,0,0,0,0,0,0,0,0,0,0,0,0,0,0,0,0,0,0,0,0,0,0,0,0,0,0,0,0,0,0,0,0,0,0,0,0,0,0,0,0,0,0,0,0,0,0,0,0,0,0,0,0,0,0,0,0,0,0,0,0,0,0,0,0,0,0,0,0,0,0,0,0,0,0,0,0,0,0,0,0,0,0,0,0,0,0,0,0,0,0,0,1,0,1,0,1,0,0,0,0,0,0,0,0,0,0,0,0,0,0,0,0,0,0,0,0,0,0,0,0,0,2,1,1,9,1,9,9,9,9,9,9,9,9,9,9,9,9,9,9,9,9,9,9,9,9,9,9,9,9,9,9,1,1,6,7,4,7,5,4,6,4,6,6,7,7,4,4,4,7,1,1,7,'2020-02-07');

Values(7195880558,210.1,380.4,0.0,0.6,3,1,3,1,2,3,5,0,0,0,0,0,0,0,0,0,1,0,0,0,0,0,0,0,0,0,0,0,1,0,0,0,0,0,0,0,1,0,0,0,0,1,1,0,0,0,1,0,1,0,1,0,1,0,0,0,1,0,0,1,1,1,0,0,0,0,1,1,0,1,0,1,0,0,1,0,0,1,0,0,1,0,0,1,0,0,1,0,0,1,0,0,1,0,0,1,0,0,'2020-02-06');
Values(8057483055,173.6,135.8,0.0,0.6,3,1,3,1,2,3,5,0,0,0,0,1,0,0,0,0,1,0,0,0,0,0,0,0,0,0,0,0,1,0,0,0,0,0,0,0,1,0,0,0,0,1,1,0,0,0,1,0,1,0,1,0,0,0,0,0,1,0,0,0,0,0,0,0,0,0,1,1,0,1,0,1,0,0,1,0,0,1,0,0,1,0,0,1,0,0,1,0,0,1,0,0,1,0,0,1,0,0,'2020-02-10');
Values(9089100012,129.6,124.6,0.0,0.6,3,1,3,1,2,3,5,0,0,0,0,0,0,0,0,0,1,0,0,0,0,0,0,0,0,0,0,0,1,0,0,0,0,0,0,0,1,0,0,0,0,1,1,0,0,0,1,0,1,0,1,0,0,0,0,0,1,0,0,0,0,1,0,0,0,1,0,0,1,1,0,1,0,0,1,0,0,1,0,0,1,0,0,1,0,0,1,0,0,1,0,0,1,0,0,1,0,0,'2020-02-09');
Values(5867032088,817.4,111.7,0.0,0.6,3,1,3,1,2,3,5,0,0,1,0,1,1,0,0,0,1,0,0,0,0,0,0,0,0,0,0,0,1,0,0,0,0,0,0,0,1,0,0,0,0,1,1,0,0,0,1,0,1,0,1,0,1,0,0,0,1,0,0,0,0,0,0,0,0,0,1,1,1,1,0,1,0,0,1,0,0,1,0,0,1,0,0,1,0,0,1,0,0,1,0,0,1,0,0,1,0,0,'2020-02-08');
Values(2487627606,155.4,100.5,0.0,0.6,3,1,3,1,2,3,5,0,1,1,0,0,0,0,0,0,1,0,0,0,0,0,0,0,0,0,0,0,1,0,0,0,0,0,0,0,1,0,0,0,0,1,1,0,0,0,1,0,1,0,1,0,1,0,0,0,1,0,0,0,0,1,1,1,1,0,1,1,0,1,0,1,0,0,1,0,0,1,0,0,1,0,0,1,0,0,1,0,0,1,0,0,1,0,0,1,0,0,'2020-02-07');

